752263757824
297226960896
493461536768
608497434624
16422102016
6272271360
418063384576
391173177344
447838224384
816956112896
581046960128
656164847616
162562637824
190329503744
868056825856
431164555264
582957400064
765206528000
825995165696
499960676352
839395770368
724147306496
743766818816
488989687808
449408139264
202480009216
81556881408
726410919936
788624310272
409385861120
548394270720
862574673920
292548018176
854580658176
937039953920
830931075072
458363502592
715347394560
843458871296
13836651520
552610955264
732281438208
454018039808
681571254272
168189394944
759205855232
973483409408
335189770240
534286630912
754899419136
594500452352
768965214208
998937329664
139059216384
168326856704
69557927936
60081029120
781907066880
511880527872
176150724608
565263663104
386716401664
542221533184
117358592000
445901471744
266335010816
292531863552
583044759552
233480355840
104277508096
592036429824
356045357056
54489255936
800877117440
341259223040
543480938496
283993407488
76992749568
17160499200
416522534912
494108606464
483761881088
586078814208
227018866688
505929826304
162962309120
907506548736
463175417856
589071515648
524933988352
565896478720
21640859648
717942161408
454265896960
846866743296
289030438912
734547279872
536144740352
984914591744
459719835648
