93308026930
821287418546
341872103671
845292594383
892923934317
483391029710
995143714069
183325385948
545006305633
610699259966
583524930549
372540323803
857596885581
497563510176
431938823856
445967336676
983487603286
743608040051
299652483738
18720865816
603789758153
854646896099
294783941098
646339526227
502163825091
404098504533
252735216730
625838716856
59690972609
8860398574
104407364941
308927842770
300327006063
24965679651
401090742997
660065594646
817319135528
648750605003
597726115655
662301492322
186174251255
661403318433
150117304075
486008292623
501274209908
394473807724
866061727018
566791512083
943261375537
875710901046
230715529313
249979418644
971638593020
283816632487
483242869411
398435905102
527539738619
859646467552
74869093288
801588520126
828213277693
816153431883
156573813128
691644474566
965512854642
764621822805
552467166645
21889216193
11830842509
671745939022
164906014360
165050150230
481068604251
900796714945
546608098842
232466094407
258710018370
438806083078
560168029786
506573975151
19965459998
587853778544
504423197373
658123738119
33842756034
51060576893
720714696611
183919870682
83213445054
462074561137
295104363762
218010539443
19496470355
597877892928
224649957625
733244044853
886748208442
158594116277
121211824046
650979555191
